a = [4.2 1.5 - 0.58];
b = [-1.2 1.96 0.28];

